0 0.009
1 0.11844000000000002
2 0.00444
3 0
4 0
5 0.00074
6 0.01974
7 0.0015
8 0.26934
9 0.015479999999999997
10 0.3868
11 0.60018
12 0.60663
13 0.35534999999999994
14 0.05963
15 0.16089
16 0.44071
17 0.69313
18 0.03324
19 0.34657000000000004
20 0.37922
21 0.14589
22 0.8558800000000001
23 1.1613599999999997
24 0.02015
25 0.7723000000000001
26 0.34653999999999996
27 0.33945000000000003
28 0.41300000000000003
29 0.9070400000000001
30 0.34535
31 0.2509
32 0
33 0
34 0
35 0
36 0
37 0
38 0
39 0
40 0
41 0
42 0
43 0
44 0
45 0
46 0
47 0
48 0
49 0
50 0
51 0
52 0
53 0.13
54 0
55 0
56 0
57 0
58 0
59 0.26
60 0
61 0
62 0
63 0
64 0.49928000000000006
65 0.4120600000000001
66 0.70658
67 0.8763299999999998
68 0.8158500000000001
69 0.86526
70 0.3461000000000001
71 0.5020800000000001
72 0.47088
73 0.45684
74 0.4545200000000001
75 0.34608000000000005
76 0.37999000000000005
77 0.53062
78 0.5897799999999999
79 0.42540000000000006
80 0.7686
81 0.68719
82 1.3686199999999995
83 0.9770099999999998
84 0.81975
85 0.7250400000000001
86 1.0631899999999999
87 0.7336100000000001
88 2.0635899999999996
89 1.1177599999999999
90 0.8795699999999999
91 0.88927
92 0.83838
93 0.6157799999999998
94 1.1222
95 1.3532699999999998
96 0.02758
97 0.09204000000000001
98 0.06308
99 0.01278
100 0.00095
101 0.01929
102 0.06327
103 0.05987
104 0.12654
105 0.11974
106 0.0019
107 0.03858
108 0.06694
109 0.021060000000000002
110 0.05516
111 0.18186000000000002
112 0.14246
113 0.04558999999999999
114 0.14203
115 0.14416
116 0.23181
117 0.13498
118 0.07594000000000001
119 0.09542
120 0.07970000000000001
121 0.07009
122 0.23841
123 0.06749
124 0.10124
125 0.10550000000000001
126 0.26176
127 0.08659
128 0
129 0
130 0
131 0
132 0
133 0
134 0
135 0
136 0
137 0
138 0
139 0
140 0
141 0
142 0
143 0
144 0
145 0
146 0
147 0
148 0
149 0
150 0
151 0
152 0
153 0
154 0
155 0
156 0
157 0
158 0
159 0
160 0
161 0
162 0
163 0
164 0
165 0
166 0
167 0
168 0
169 0
170 0
171 0
172 0
173 0
174 0
175 0
176 0
177 0
178 0
179 0
180 0
181 0
182 0
183 0
184 0
185 0
186 0
187 0
188 0
189 0
190 0
191 0
192 0
193 0
194 0
195 0
196 0
197 0
198 0
199 0
200 0
201 0
202 0
203 0
204 0
205 0
206 0
207 0
208 0
209 0
210 0
211 0
212 0
213 0
214 0
215 0
216 0
217 0
218 0
219 0
220 0
221 0
222 0
223 0
224 0
225 0
226 0
227 0
228 0
229 0
230 0
231 0
232 0
233 0
234 0
235 0
236 0
237 0
238 0
239 0
240 0
241 0
242 0
243 0
244 0
245 0
246 0
247 0
248 0
249 0
250 0
251 0
252 0
253 0
254 0
255 0
("Cooking MC's like a pound of bacon", 88, 2.0635899999999996)
